function [Problem]=Problem25()
%Columna 1 = numero del cliente, no.1 es el depósito.
%Columna 2 es coordenada en x del cliente
%Columna 3 es coordenada en y del cliente
%Columna 4 es la demanda de lo que necesita abastecerse el cliente, la del depósito=0
%Columna 5 es el tiempo de duración en horas del servicio para el cliente
%Columna 6 es el tiempo mínimo de horas del despacho inicial para el cliente (time window)
%Columna 7 es el tiempo máximo de horas del despacho para el cliente (time window)
Problem=...
  [ 1      38.00      30.00       0.00       0.00       0.00       0.00     %deposito de cuernavaca
    2      42.00      30.00      10.00       0.33       1.00       3.00     %jiutepec
    3      50.00      50.00      15.00       0.16       1.00       3.00     %tlaltizapán
    4      35.00      33.00      20.00       0.20       2.00       4.00     %temixco
    5      22.00      45.00      30.00       0.42       2.00       4.00     %miacatlán
    6      57.00      35.00      13.00       0.13       3.00       5.00     %yautepec 
    7      35.00      14.00      18.00       0.10       3.00       5.00     %huitzilac
    8      45.00      19.00      24.00       0.20       4.00       6.00     %tepoztlán
    9      25.00      54.00      36.00       0.50       4.00       6.00     %mazatepec
   10      20.00      58.00      40.00       0.70       5.00       7.00     %tetecala
   11      68.00      19.00      10.00       0.40       5.00       7.00     %totolapan
   12      25.00      70.00      8.00        0.15       6.00       8.00     %amacuzac
   13      36.00      65.00      5.00        0.11       6.00       8.00     %jojutla
   14      42.00      40.00      16.00       0.11       1.00       3.00     %emiliano zapata
   15      15.00      50.00      29.00       0.20       1.00       3.00     %coatlán del río
   16      80.00      28.00      14.00       0.20       2.00       4.00     %ocuituco
   17      80.00      50.00      10.00       0.10       2.00       4.00     %jantetelco
   18      70.00      70.00      19.00       0.19       3.00       5.00     %tepalcingo
   19      65.00      26.00      21.00       0.20       3.00       5.00     %atlatlahuacan
   20      58.00      15.00      25.00       0.18       4.50       6.50     %tlalnepantla
   21      50.00      71.00      35.00       0.25       4.50       6.50     %tlaquiltenango
   22      30.00      67.00      45.00       0.65       5.50       7.50     %puente de ixtla
   23      38.00      44.00      43.00       0.60       5.50       7.50     %xochitepec
   24      60.00      50.00      37.00       0.45       6.50       8.00     %ayala
   25      85.00      30.00      36.00       0.40       6.50       8.00     %tetela del volcán
   26      80.00      70.00      26.00       0.31       1.00       5.00     %axochiapan
   27      80.00      39.00      20.00       0.20       1.00       7.00     %zacualpan de amilpas
   28      70.00      40.00      17.00       0.20       2.00       3.00     %yecapixtla
   29      60.00      40.00      10.00       0.15       5.00       8.00     %cuautla
   30      78.00      60.00      10.00       0.15       1.00       7.00     %jonacatepec
   31      60.00      25.00      4.00        0.11       3.00       4.00     %tlayacapan
   32      80.00      45.00      7.00        0.17       1.00       8.00     %temoac
   33      40.00      55.00      29.00       0.30       5.00       6.00];   %zacatepec de hidalgo